250.00
250.00
251.00
252.00
255.00
253.00
255.00
254.00
257.00
257.00
256.00
257.00
252.00
253.00
250.00
252.00
252.00
249.00
246.00
247.00
247.00
248.00
247.00
245.00
250.00
246.00
249.00
249.00
251.00
252.00
253.00
254.00
252.00
253.00
252.00
253.00
254.00
254.00
253.00
253.00
251.00
251.00
251.00
252.00
249.00
247.00
246.00
244.00
246.00
246.00
246.00
248.00
246.00
249.00
248.00
249.00
252.00
249.00
252.00
252.00
252.00
254.00
252.00
255.00
256.00
253.00
252.00
255.00
258.00
249.00
251.00
254.00
251.00
248.00
248.00
246.00
248.00
249.00
246.00
248.00
246.00
248.00
249.00
252.00
250.00
251.00
252.00
256.00
251.00
254.00
254.00
254.00
258.00
255.00
255.00
258.00
253.00
254.00
253.00
251.00
252.00
247.00
248.00
247.00
247.00
243.00
247.00
247.00
245.00
244.00
248.00
248.00
246.00
251.00
253.00
254.00
252.00
255.00
253.00
254.00
257.00
255.00
256.00
253.00
250.00
256.00
253.00
251.00
249.00
247.00
248.00
247.00
248.00
251.00
247.00
245.00
248.00
250.00
249.00
248.00
247.00
252.00
250.00
250.00
252.00
254.00
255.00
256.00
252.00
256.00
255.00
254.00
252.00
254.00
251.00
254.00
250.00
248.00
247.00
247.00
247.00
248.00
246.00
246.00
244.00
246.00
246.00
250.00
249.00
252.00
253.00
255.00
252.00
253.00
254.00
250.00
253.00
257.00
253.00
255.00
253.00
252.00
253.00
252.00
250.00
250.00
248.00
248.00
246.00
249.00
249.00
247.00
248.00
249.00
248.00
250.00
249.00
249.00
248.00
249.00
252.00
255.00
255.00
255.00
252.00
255.00
257.00
256.00
253.00
255.00
249.00
248.00
253.00
249.00
252.00
252.00
249.00
247.00
246.00
246.00
247.00
246.00
246.00
250.00
250.00
247.00
253.00
255.00
252.00
253.00
254.00
253.00
254.00
255.00
257.00
254.00
256.00
250.00
251.00
251.00
251.00
249.00
249.00
246.00
248.00
248.00
245.00
247.00
247.00
249.00
246.00
249.00
248.00
252.00
249.00
252.00
249.00
251.00
256.00
257.00
255.00
252.00
255.00
253.00
255.00
256.00
252.00
251.00
250.00
247.00
248.00
248.00
248.00
248.00
245.00
249.00
248.00
246.00
248.00
247.00
252.00
248.00
252.00
252.00
250.00
252.00
253.00
253.00
255.00
255.00
254.00
255.00
253.00
252.00
252.00
252.00
